[0, 1, 3, 2]
[0, 1, 3, 2]
[0, 1, 2, 3]
[0, 1, 2, 3]
[1, 7, 4]
[1, 4, 7]
[1, 4, 7]
[2, 7, 8, 6, 9, 4, 3]
[2, 3, 8, 6, 9, 4, 7]
[2, 3, 4, 6, 9, 8, 7]
[2, 3, 4, 6, 9, 8, 7]
[2, 3, 4, 6, 7, 8, 9]
[2, 3, 4, 6, 7, 8, 9]
[2, 3, 4, 6, 7, 8, 9]
[1, 1, 16, 16, 17, 4, 15]
[1, 1, 16, 16, 17, 4, 15]
[1, 1, 4, 16, 17, 16, 15]
[1, 1, 4, 15, 17, 16, 16]
[1, 1, 4, 15, 16, 16, 17]
[1, 1, 4, 15, 16, 16, 17]
[1, 1, 4, 15, 16, 16, 17]
[-7, 18, 4, 2, -5, 1, 4, -4, 20, 13, -4, 17, -1, 20, 13, 6, -3, 2, 9, -4, 15, 11, 9, -2, -7, 7, 4, 17, 11, 3, -3, -4, 18, 20, 15, -6]
[-7, -7, 4, 2, -5, 1, 4, -4, 20, 13, -4, 17, -1, 20, 13, 6, -3, 2, 9, -4, 15, 11, 9, -2, 18, 7, 4, 17, 11, 3, -3, -4, 18, 20, 15, -6]
[-7, -7, -6, 2, -5, 1, 4, -4, 20, 13, -4, 17, -1, 20, 13, 6, -3, 2, 9, -4, 15, 11, 9, -2, 18, 7, 4, 17, 11, 3, -3, -4, 18, 20, 15, 4]
[-7, -7, -6, -5, 2, 1, 4, -4, 20, 13, -4, 17, -1, 20, 13, 6, -3, 2, 9, -4, 15, 11, 9, -2, 18, 7, 4, 17, 11, 3, -3, -4, 18, 20, 15, 4]
[-7, -7, -6, -5, -4, 1, 4, -4, 20, 13, -4, 17, -1, 20, 13, 6, -3, 2, 9, -4, 15, 11, 9, -2, 18, 7, 4, 17, 11, 3, -3, 2, 18, 20, 15, 4]
[-7, -7, -6, -5, -4, -4, 4, -4, 20, 13, -4, 17, -1, 20, 13, 6, -3, 2, 9, 1, 15, 11, 9, -2, 18, 7, 4, 17, 11, 3, -3, 2, 18, 20, 15, 4]
[-7, -7, -6, -5, -4, -4, -4, -4, 20, 13, 4, 17, -1, 20, 13, 6, -3, 2, 9, 1, 15, 11, 9, -2, 18, 7, 4, 17, 11, 3, -3, 2, 18, 20, 15, 4]
[-7, -7, -6, -5, -4, -4, -4, -4, 20, 13, 4, 17, -1, 20, 13, 6, -3, 2, 9, 1, 15, 11, 9, -2, 18, 7, 4, 17, 11, 3, -3, 2, 18, 20, 15, 4]
[-7, -7, -6, -5, -4, -4, -4, -4, -3, 13, 4, 17, -1, 20, 13, 6, -3, 2, 9, 1, 15, 11, 9, -2, 18, 7, 4, 17, 11, 3, 20, 2, 18, 20, 15, 4]
[-7, -7, -6, -5, -4, -4, -4, -4, -3, -3, 4, 17, -1, 20, 13, 6, 13, 2, 9, 1, 15, 11, 9, -2, 18, 7, 4, 17, 11, 3, 20, 2, 18, 20, 15, 4]
[-7, -7, -6, -5, -4, -4, -4, -4, -3, -3, -2, 17, -1, 20, 13, 6, 13, 2, 9, 1, 15, 11, 9, 4, 18, 7, 4, 17, 11, 3, 20, 2, 18, 20, 15, 4]
[-7, -7, -6, -5, -4, -4, -4, -4, -3, -3, -2, -1, 17, 20, 13, 6, 13, 2, 9, 1, 15, 11, 9, 4, 18, 7, 4, 17, 11, 3, 20, 2, 18, 20, 15, 4]
[-7, -7, -6, -5, -4, -4, -4, -4, -3, -3, -2, -1, 1, 20, 13, 6, 13, 2, 9, 17, 15, 11, 9, 4, 18, 7, 4, 17, 11, 3, 20, 2, 18, 20, 15, 4]
[-7, -7, -6, -5, -4, -4, -4, -4, -3, -3, -2, -1, 1, 2, 13, 6, 13, 2, 9, 17, 15, 11, 9, 4, 18, 7, 4, 17, 11, 3, 20, 20, 18, 20, 15, 4]
[-7, -7, -6, -5, -4, -4, -4, -4, -3, -3, -2, -1, 1, 2, 2, 6, 13, 13, 9, 17, 15, 11, 9, 4, 18, 7, 4, 17, 11, 3, 20, 20, 18, 20, 15, 4]
[-7, -7, -6, -5, -4, -4, -4, -4, -3, -3, -2, -1, 1, 2, 2, 3, 13, 13, 9, 17, 15, 11, 9, 4, 18, 7, 4, 17, 11, 6, 20, 20, 18, 20, 15, 4]
[-7, -7, -6, -5, -4, -4, -4, -4, -3, -3, -2, -1, 1, 2, 2, 3, 4, 13, 9, 17, 15, 11, 9, 4, 18, 7, 4, 17, 11, 6, 20, 20, 18, 20, 15, 13]
[-7, -7, -6, -5, -4, -4, -4, -4, -3, -3, -2, -1, 1, 2, 2, 3, 4, 4, 9, 17, 15, 11, 9, 4, 18, 7, 13, 17, 11, 6, 20, 20, 18, 20, 15, 13]
[-7, -7, -6, -5, -4, -4, -4, -4, -3, -3, -2, -1, 1, 2, 2, 3, 4, 4, 4, 17, 15, 11, 9, 9, 18, 7, 13, 17, 11, 6, 20, 20, 18, 20, 15, 13]
[-7, -7, -6, -5, -4, -4, -4, -4, -3, -3, -2, -1, 1, 2, 2, 3, 4, 4, 4, 6, 15, 11, 9, 9, 18, 7, 13, 17, 11, 17, 20, 20, 18, 20, 15, 13]
[-7, -7, -6, -5, -4, -4, -4, -4, -3, -3, -2, -1, 1, 2, 2, 3, 4, 4, 4, 6, 7, 11, 9, 9, 18, 15, 13, 17, 11, 17, 20, 20, 18, 20, 15, 13]
[-7, -7, -6, -5, -4, -4, -4, -4, -3, -3, -2, -1, 1, 2, 2, 3, 4, 4, 4, 6, 7, 9, 9, 11, 18, 15, 13, 17, 11, 17, 20, 20, 18, 20, 15, 13]
[-7, -7, -6, -5, -4, -4, -4, -4, -3, -3, -2, -1, 1, 2, 2, 3, 4, 4, 4, 6, 7, 9, 9, 11, 18, 15, 13, 17, 11, 17, 20, 20, 18, 20, 15, 13]
[-7, -7, -6, -5, -4, -4, -4, -4, -3, -3, -2, -1, 1, 2, 2, 3, 4, 4, 4, 6, 7, 9, 9, 11, 18, 15, 13, 17, 11, 17, 20, 20, 18, 20, 15, 13]
[-7, -7, -6, -5, -4, -4, -4, -4, -3, -3, -2, -1, 1, 2, 2, 3, 4, 4, 4, 6, 7, 9, 9, 11, 11, 15, 13, 17, 18, 17, 20, 20, 18, 20, 15, 13]
[-7, -7, -6, -5, -4, -4, -4, -4, -3, -3, -2, -1, 1, 2, 2, 3, 4, 4, 4, 6, 7, 9, 9, 11, 11, 13, 13, 17, 18, 17, 20, 20, 18, 20, 15, 15]
[-7, -7, -6, -5, -4, -4, -4, -4, -3, -3, -2, -1, 1, 2, 2, 3, 4, 4, 4, 6, 7, 9, 9, 11, 11, 13, 13, 17, 18, 17, 20, 20, 18, 20, 15, 15]
[-7, -7, -6, -5, -4, -4, -4, -4, -3, -3, -2, -1, 1, 2, 2, 3, 4, 4, 4, 6, 7, 9, 9, 11, 11, 13, 13, 15, 18, 17, 20, 20, 18, 20, 15, 17]
[-7, -7, -6, -5, -4, -4, -4, -4, -3, -3, -2, -1, 1, 2, 2, 3, 4, 4, 4, 6, 7, 9, 9, 11, 11, 13, 13, 15, 15, 17, 20, 20, 18, 20, 18, 17]
[-7, -7, -6, -5, -4, -4, -4, -4, -3, -3, -2, -1, 1, 2, 2, 3, 4, 4, 4, 6, 7, 9, 9, 11, 11, 13, 13, 15, 15, 17, 20, 20, 18, 20, 18, 17]
[-7, -7, -6, -5, -4, -4, -4, -4, -3, -3, -2, -1, 1, 2, 2, 3, 4, 4, 4, 6, 7, 9, 9, 11, 11, 13, 13, 15, 15, 17, 17, 20, 18, 20, 18, 20]
[-7, -7, -6, -5, -4, -4, -4, -4, -3, -3, -2, -1, 1, 2, 2, 3, 4, 4, 4, 6, 7, 9, 9, 11, 11, 13, 13, 15, 15, 17, 17, 18, 18, 20, 20, 20]
[-7, -7, -6, -5, -4, -4, -4, -4, -3, -3, -2, -1, 1, 2, 2, 3, 4, 4, 4, 6, 7, 9, 9, 11, 11, 13, 13, 15, 15, 17, 17, 18, 18, 20, 20, 20]
[-7, -7, -6, -5, -4, -4, -4, -4, -3, -3, -2, -1, 1, 2, 2, 3, 4, 4, 4, 6, 7, 9, 9, 11, 11, 13, 13, 15, 15, 17, 17, 18, 18, 20, 20, 20]
[-7, -7, -6, -5, -4, -4, -4, -4, -3, -3, -2, -1, 1, 2, 2, 3, 4, 4, 4, 6, 7, 9, 9, 11, 11, 13, 13, 15, 15, 17, 17, 18, 18, 20, 20, 20]
[-7, -7, -6, -5, -4, -4, -4, -4, -3, -3, -2, -1, 1, 2, 2, 3, 4, 4, 4, 6, 7, 9, 9, 11, 11, 13, 13, 15, 15, 17, 17, 18, 18, 20, 20, 20]
[-9, 10, 7, 20, -7, 5, 1, 0, 19, -4, 10, 18, 13, 2, -6, 18, -8, -1, 18, 8, 8, 14, -6, 18, 2, 18, 8, 9, 15, 14, 7, 0, -7, 7, 6, 13, -7]
[-9, -8, 7, 20, -7, 5, 1, 0, 19, -4, 10, 18, 13, 2, -6, 18, 10, -1, 18, 8, 8, 14, -6, 18, 2, 18, 8, 9, 15, 14, 7, 0, -7, 7, 6, 13, -7]
[-9, -8, -7, 20, -7, 5, 1, 0, 19, -4, 10, 18, 13, 2, -6, 18, 10, -1, 18, 8, 8, 14, -6, 18, 2, 18, 8, 9, 15, 14, 7, 0, -7, 7, 6, 13, 7]
[-9, -8, -7, -7, -7, 5, 1, 0, 19, -4, 10, 18, 13, 2, -6, 18, 10, -1, 18, 8, 8, 14, -6, 18, 2, 18, 8, 9, 15, 14, 7, 0, 20, 7, 6, 13, 7]
[-9, -8, -7, -7, -7, 5, 1, 0, 19, -4, 10, 18, 13, 2, -6, 18, 10, -1, 18, 8, 8, 14, -6, 18, 2, 18, 8, 9, 15, 14, 7, 0, 20, 7, 6, 13, 7]
[-9, -8, -7, -7, -7, -6, 1, 0, 19, -4, 10, 18, 13, 2, -6, 18, 10, -1, 18, 8, 8, 14, 5, 18, 2, 18, 8, 9, 15, 14, 7, 0, 20, 7, 6, 13, 7]
[-9, -8, -7, -7, -7, -6, -6, 0, 19, -4, 10, 18, 13, 2, 1, 18, 10, -1, 18, 8, 8, 14, 5, 18, 2, 18, 8, 9, 15, 14, 7, 0, 20, 7, 6, 13, 7]
[-9, -8, -7, -7, -7, -6, -6, -4, 19, 0, 10, 18, 13, 2, 1, 18, 10, -1, 18, 8, 8, 14, 5, 18, 2, 18, 8, 9, 15, 14, 7, 0, 20, 7, 6, 13, 7]
[-9, -8, -7, -7, -7, -6, -6, -4, -1, 0, 10, 18, 13, 2, 1, 18, 10, 19, 18, 8, 8, 14, 5, 18, 2, 18, 8, 9, 15, 14, 7, 0, 20, 7, 6, 13, 7]
[-9, -8, -7, -7, -7, -6, -6, -4, -1, 0, 10, 18, 13, 2, 1, 18, 10, 19, 18, 8, 8, 14, 5, 18, 2, 18, 8, 9, 15, 14, 7, 0, 20, 7, 6, 13, 7]
[-9, -8, -7, -7, -7, -6, -6, -4, -1, 0, 0, 18, 13, 2, 1, 18, 10, 19, 18, 8, 8, 14, 5, 18, 2, 18, 8, 9, 15, 14, 7, 10, 20, 7, 6, 13, 7]
[-9, -8, -7, -7, -7, -6, -6, -4, -1, 0, 0, 1, 13, 2, 18, 18, 10, 19, 18, 8, 8, 14, 5, 18, 2, 18, 8, 9, 15, 14, 7, 10, 20, 7, 6, 13, 7]
[-9, -8, -7, -7, -7, -6, -6, -4, -1, 0, 0, 1, 2, 2, 18, 18, 10, 19, 18, 8, 8, 14, 5, 18, 13, 18, 8, 9, 15, 14, 7, 10, 20, 7, 6, 13, 7]
[-9, -8, -7, -7, -7, -6, -6, -4, -1, 0, 0, 1, 2, 2, 18, 18, 10, 19, 18, 8, 8, 14, 5, 18, 13, 18, 8, 9, 15, 14, 7, 10, 20, 7, 6, 13, 7]
[-9, -8, -7, -7, -7, -6, -6, -4, -1, 0, 0, 1, 2, 2, 5, 18, 10, 19, 18, 8, 8, 14, 18, 18, 13, 18, 8, 9, 15, 14, 7, 10, 20, 7, 6, 13, 7]
[-9, -8, -7, -7, -7, -6, -6, -4, -1, 0, 0, 1, 2, 2, 5, 6, 10, 19, 18, 8, 8, 14, 18, 18, 13, 18, 8, 9, 15, 14, 7, 10, 20, 7, 18, 13, 7]
[-9, -8, -7, -7, -7, -6, -6, -4, -1, 0, 0, 1, 2, 2, 5, 6, 7, 19, 18, 8, 8, 14, 18, 18, 13, 18, 8, 9, 15, 14, 7, 10, 20, 7, 18, 13, 10]
[-9, -8, -7, -7, -7, -6, -6, -4, -1, 0, 0, 1, 2, 2, 5, 6, 7, 7, 18, 8, 8, 14, 18, 18, 13, 18, 8, 9, 15, 14, 7, 10, 20, 19, 18, 13, 10]
[-9, -8, -7, -7, -7, -6, -6, -4, -1, 0, 0, 1, 2, 2, 5, 6, 7, 7, 7, 8, 8, 14, 18, 18, 13, 18, 8, 9, 15, 14, 18, 10, 20, 19, 18, 13, 10]
[-9, -8, -7, -7, -7, -6, -6, -4, -1, 0, 0, 1, 2, 2, 5, 6, 7, 7, 7, 8, 8, 14, 18, 18, 13, 18, 8, 9, 15, 14, 18, 10, 20, 19, 18, 13, 10]
[-9, -8, -7, -7, -7, -6, -6, -4, -1, 0, 0, 1, 2, 2, 5, 6, 7, 7, 7, 8, 8, 14, 18, 18, 13, 18, 8, 9, 15, 14, 18, 10, 20, 19, 18, 13, 10]
[-9, -8, -7, -7, -7, -6, -6, -4, -1, 0, 0, 1, 2, 2, 5, 6, 7, 7, 7, 8, 8, 8, 18, 18, 13, 18, 14, 9, 15, 14, 18, 10, 20, 19, 18, 13, 10]
[-9, -8, -7, -7, -7, -6, -6, -4, -1, 0, 0, 1, 2, 2, 5, 6, 7, 7, 7, 8, 8, 8, 9, 18, 13, 18, 14, 18, 15, 14, 18, 10, 20, 19, 18, 13, 10]
[-9, -8, -7, -7, -7, -6, -6, -4, -1, 0, 0, 1, 2, 2, 5, 6, 7, 7, 7, 8, 8, 8, 9, 10, 13, 18, 14, 18, 15, 14, 18, 10, 20, 19, 18, 13, 18]
[-9, -8, -7, -7, -7, -6, -6, -4, -1, 0, 0, 1, 2, 2, 5, 6, 7, 7, 7, 8, 8, 8, 9, 10, 10, 18, 14, 18, 15, 14, 18, 13, 20, 19, 18, 13, 18]
[-9, -8, -7, -7, -7, -6, -6, -4, -1, 0, 0, 1, 2, 2, 5, 6, 7, 7, 7, 8, 8, 8, 9, 10, 10, 13, 14, 18, 15, 14, 18, 13, 20, 19, 18, 18, 18]
[-9, -8, -7, -7, -7, -6, -6, -4, -1, 0, 0, 1, 2, 2, 5, 6, 7, 7, 7, 8, 8, 8, 9, 10, 10, 13, 13, 18, 15, 14, 18, 14, 20, 19, 18, 18, 18]
[-9, -8, -7, -7, -7, -6, -6, -4, -1, 0, 0, 1, 2, 2, 5, 6, 7, 7, 7, 8, 8, 8, 9, 10, 10, 13, 13, 14, 15, 14, 18, 18, 20, 19, 18, 18, 18]
[-9, -8, -7, -7, -7, -6, -6, -4, -1, 0, 0, 1, 2, 2, 5, 6, 7, 7, 7, 8, 8, 8, 9, 10, 10, 13, 13, 14, 14, 15, 18, 18, 20, 19, 18, 18, 18]
[-9, -8, -7, -7, -7, -6, -6, -4, -1, 0, 0, 1, 2, 2, 5, 6, 7, 7, 7, 8, 8, 8, 9, 10, 10, 13, 13, 14, 14, 15, 18, 18, 20, 19, 18, 18, 18]
[-9, -8, -7, -7, -7, -6, -6, -4, -1, 0, 0, 1, 2, 2, 5, 6, 7, 7, 7, 8, 8, 8, 9, 10, 10, 13, 13, 14, 14, 15, 18, 18, 20, 19, 18, 18, 18]
[-9, -8, -7, -7, -7, -6, -6, -4, -1, 0, 0, 1, 2, 2, 5, 6, 7, 7, 7, 8, 8, 8, 9, 10, 10, 13, 13, 14, 14, 15, 18, 18, 20, 19, 18, 18, 18]
[-9, -8, -7, -7, -7, -6, -6, -4, -1, 0, 0, 1, 2, 2, 5, 6, 7, 7, 7, 8, 8, 8, 9, 10, 10, 13, 13, 14, 14, 15, 18, 18, 18, 19, 18, 18, 20]
[-9, -8, -7, -7, -7, -6, -6, -4, -1, 0, 0, 1, 2, 2, 5, 6, 7, 7, 7, 8, 8, 8, 9, 10, 10, 13, 13, 14, 14, 15, 18, 18, 18, 18, 18, 19, 20]
[-9, -8, -7, -7, -7, -6, -6, -4, -1, 0, 0, 1, 2, 2, 5, 6, 7, 7, 7, 8, 8, 8, 9, 10, 10, 13, 13, 14, 14, 15, 18, 18, 18, 18, 18, 19, 20]
[-9, -8, -7, -7, -7, -6, -6, -4, -1, 0, 0, 1, 2, 2, 5, 6, 7, 7, 7, 8, 8, 8, 9, 10, 10, 13, 13, 14, 14, 15, 18, 18, 18, 18, 18, 19, 20]
[-9, -8, -7, -7, -7, -6, -6, -4, -1, 0, 0, 1, 2, 2, 5, 6, 7, 7, 7, 8, 8, 8, 9, 10, 10, 13, 13, 14, 14, 15, 18, 18, 18, 18, 18, 19, 20]
[-9, -9, -8, -9, -1, -7, 17, 8, -4, 13, 19, 7, 9, 17, -2, -5, -1, 11, -8, -4, 7, 3, 9, -4, 13, 8, 5, 15, 7, 14, 11, 19, 19, 4, 14, 2, 6]
[-9, -9, -8, -9, -1, -7, 17, 8, -4, 13, 19, 7, 9, 17, -2, -5, -1, 11, -8, -4, 7, 3, 9, -4, 13, 8, 5, 15, 7, 14, 11, 19, 19, 4, 14, 2, 6]
[-9, -9, -9, -8, -1, -7, 17, 8, -4, 13, 19, 7, 9, 17, -2, -5, -1, 11, -8, -4, 7, 3, 9, -4, 13, 8, 5, 15, 7, 14, 11, 19, 19, 4, 14, 2, 6]
[-9, -9, -9, -8, -1, -7, 17, 8, -4, 13, 19, 7, 9, 17, -2, -5, -1, 11, -8, -4, 7, 3, 9, -4, 13, 8, 5, 15, 7, 14, 11, 19, 19, 4, 14, 2, 6]
[-9, -9, -9, -8, -8, -7, 17, 8, -4, 13, 19, 7, 9, 17, -2, -5, -1, 11, -1, -4, 7, 3, 9, -4, 13, 8, 5, 15, 7, 14, 11, 19, 19, 4, 14, 2, 6]
[-9, -9, -9, -8, -8, -7, 17, 8, -4, 13, 19, 7, 9, 17, -2, -5, -1, 11, -1, -4, 7, 3, 9, -4, 13, 8, 5, 15, 7, 14, 11, 19, 19, 4, 14, 2, 6]
[-9, -9, -9, -8, -8, -7, -5, 8, -4, 13, 19, 7, 9, 17, -2, 17, -1, 11, -1, -4, 7, 3, 9, -4, 13, 8, 5, 15, 7, 14, 11, 19, 19, 4, 14, 2, 6]
[-9, -9, -9, -8, -8, -7, -5, -4, -4, 13, 19, 7, 9, 17, -2, 17, -1, 11, -1, -4, 7, 3, 9, 8, 13, 8, 5, 15, 7, 14, 11, 19, 19, 4, 14, 2, 6]
[-9, -9, -9, -8, -8, -7, -5, -4, -4, 13, 19, 7, 9, 17, -2, 17, -1, 11, -1, -4, 7, 3, 9, 8, 13, 8, 5, 15, 7, 14, 11, 19, 19, 4, 14, 2, 6]
[-9, -9, -9, -8, -8, -7, -5, -4, -4, -4, 19, 7, 9, 17, -2, 17, -1, 11, -1, 13, 7, 3, 9, 8, 13, 8, 5, 15, 7, 14, 11, 19, 19, 4, 14, 2, 6]
[-9, -9, -9, -8, -8, -7, -5, -4, -4, -4, -2, 7, 9, 17, 19, 17, -1, 11, -1, 13, 7, 3, 9, 8, 13, 8, 5, 15, 7, 14, 11, 19, 19, 4, 14, 2, 6]
[-9, -9, -9, -8, -8, -7, -5, -4, -4, -4, -2, -1, 9, 17, 19, 17, -1, 11, 7, 13, 7, 3, 9, 8, 13, 8, 5, 15, 7, 14, 11, 19, 19, 4, 14, 2, 6]
[-9, -9, -9, -8, -8, -7, -5, -4, -4, -4, -2, -1, -1, 17, 19, 17, 9, 11, 7, 13, 7, 3, 9, 8, 13, 8, 5, 15, 7, 14, 11, 19, 19, 4, 14, 2, 6]
[-9, -9, -9, -8, -8, -7, -5, -4, -4, -4, -2, -1, -1, 2, 19, 17, 9, 11, 7, 13, 7, 3, 9, 8, 13, 8, 5, 15, 7, 14, 11, 19, 19, 4, 14, 17, 6]
[-9, -9, -9, -8, -8, -7, -5, -4, -4, -4, -2, -1, -1, 2, 3, 17, 9, 11, 7, 13, 7, 19, 9, 8, 13, 8, 5, 15, 7, 14, 11, 19, 19, 4, 14, 17, 6]
[-9, -9, -9, -8, -8, -7, -5, -4, -4, -4, -2, -1, -1, 2, 3, 4, 9, 11, 7, 13, 7, 19, 9, 8, 13, 8, 5, 15, 7, 14, 11, 19, 19, 17, 14, 17, 6]
[-9, -9, -9, -8, -8, -7, -5, -4, -4, -4, -2, -1, -1, 2, 3, 4, 5, 11, 7, 13, 7, 19, 9, 8, 13, 8, 9, 15, 7, 14, 11, 19, 19, 17, 14, 17, 6]
[-9, -9, -9, -8, -8, -7, -5, -4, -4, -4, -2, -1, -1, 2, 3, 4, 5, 6, 7, 13, 7, 19, 9, 8, 13, 8, 9, 15, 7, 14, 11, 19, 19, 17, 14, 17, 11]
[-9, -9, -9, -8, -8, -7, -5, -4, -4, -4, -2, -1, -1, 2, 3, 4, 5, 6, 7, 13, 7, 19, 9, 8, 13, 8, 9, 15, 7, 14, 11, 19, 19, 17, 14, 17, 11]
[-9, -9, -9, -8, -8, -7, -5, -4, -4, -4, -2, -1, -1, 2, 3, 4, 5, 6, 7, 7, 7, 19, 9, 8, 13, 8, 9, 15, 13, 14, 11, 19, 19, 17, 14, 17, 11]
[-9, -9, -9, -8, -8, -7, -5, -4, -4, -4, -2, -1, -1, 2, 3, 4, 5, 6, 7, 7, 7, 19, 9, 8, 13, 8, 9, 15, 13, 14, 11, 19, 19, 17, 14, 17, 11]
[-9, -9, -9, -8, -8, -7, -5, -4, -4, -4, -2, -1, -1, 2, 3, 4, 5, 6, 7, 7, 7, 8, 9, 8, 13, 19, 9, 15, 13, 14, 11, 19, 19, 17, 14, 17, 11]
[-9, -9, -9, -8, -8, -7, -5, -4, -4, -4, -2, -1, -1, 2, 3, 4, 5, 6, 7, 7, 7, 8, 8, 9, 13, 19, 9, 15, 13, 14, 11, 19, 19, 17, 14, 17, 11]
[-9, -9, -9, -8, -8, -7, -5, -4, -4, -4, -2, -1, -1, 2, 3, 4, 5, 6, 7, 7, 7, 8, 8, 9, 13, 19, 9, 15, 13, 14, 11, 19, 19, 17, 14, 17, 11]
[-9, -9, -9, -8, -8, -7, -5, -4, -4, -4, -2, -1, -1, 2, 3, 4, 5, 6, 7, 7, 7, 8, 8, 9, 9, 19, 13, 15, 13, 14, 11, 19, 19, 17, 14, 17, 11]
[-9, -9, -9, -8, -8, -7, -5, -4, -4, -4, -2, -1, -1, 2, 3, 4, 5, 6, 7, 7, 7, 8, 8, 9, 9, 11, 13, 15, 13, 14, 11, 19, 19, 17, 14, 17, 19]
[-9, -9, -9, -8, -8, -7, -5, -4, -4, -4, -2, -1, -1, 2, 3, 4, 5, 6, 7, 7, 7, 8, 8, 9, 9, 11, 11, 15, 13, 14, 13, 19, 19, 17, 14, 17, 19]
[-9, -9, -9, -8, -8, -7, -5, -4, -4, -4, -2, -1, -1, 2, 3, 4, 5, 6, 7, 7, 7, 8, 8, 9, 9, 11, 11, 13, 13, 14, 15, 19, 19, 17, 14, 17, 19]
[-9, -9, -9, -8, -8, -7, -5, -4, -4, -4, -2, -1, -1, 2, 3, 4, 5, 6, 7, 7, 7, 8, 8, 9, 9, 11, 11, 13, 13, 14, 15, 19, 19, 17, 14, 17, 19]
[-9, -9, -9, -8, -8, -7, -5, -4, -4, -4, -2, -1, -1, 2, 3, 4, 5, 6, 7, 7, 7, 8, 8, 9, 9, 11, 11, 13, 13, 14, 15, 19, 19, 17, 14, 17, 19]
[-9, -9, -9, -8, -8, -7, -5, -4, -4, -4, -2, -1, -1, 2, 3, 4, 5, 6, 7, 7, 7, 8, 8, 9, 9, 11, 11, 13, 13, 14, 14, 19, 19, 17, 15, 17, 19]
[-9, -9, -9, -8, -8, -7, -5, -4, -4, -4, -2, -1, -1, 2, 3, 4, 5, 6, 7, 7, 7, 8, 8, 9, 9, 11, 11, 13, 13, 14, 14, 15, 19, 17, 19, 17, 19]
[-9, -9, -9, -8, -8, -7, -5, -4, -4, -4, -2, -1, -1, 2, 3, 4, 5, 6, 7, 7, 7, 8, 8, 9, 9, 11, 11, 13, 13, 14, 14, 15, 17, 17, 19, 19, 19]
[-9, -9, -9, -8, -8, -7, -5, -4, -4, -4, -2, -1, -1, 2, 3, 4, 5, 6, 7, 7, 7, 8, 8, 9, 9, 11, 11, 13, 13, 14, 14, 15, 17, 17, 19, 19, 19]
[-9, -9, -9, -8, -8, -7, -5, -4, -4, -4, -2, -1, -1, 2, 3, 4, 5, 6, 7, 7, 7, 8, 8, 9, 9, 11, 11, 13, 13, 14, 14, 15, 17, 17, 19, 19, 19]
[-9, -9, -9, -8, -8, -7, -5, -4, -4, -4, -2, -1, -1, 2, 3, 4, 5, 6, 7, 7, 7, 8, 8, 9, 9, 11, 11, 13, 13, 14, 14, 15, 17, 17, 19, 19, 19]
[-9, -9, -9, -8, -8, -7, -5, -4, -4, -4, -2, -1, -1, 2, 3, 4, 5, 6, 7, 7, 7, 8, 8, 9, 9, 11, 11, 13, 13, 14, 14, 15, 17, 17, 19, 19, 19]
[-8, 9, 10, 2, 4, 19, 5, -1, 7, 20, 7, -4, 7, 20, 14, 13, 18, -6, 15, 11, 7, -3, -3, 8, 13, 10, -2, 11, 0, 12, 11, 4]
[-8, -6, 10, 2, 4, 19, 5, -1, 7, 20, 7, -4, 7, 20, 14, 13, 18, 9, 15, 11, 7, -3, -3, 8, 13, 10, -2, 11, 0, 12, 11, 4]
[-8, -6, -4, 2, 4, 19, 5, -1, 7, 20, 7, 10, 7, 20, 14, 13, 18, 9, 15, 11, 7, -3, -3, 8, 13, 10, -2, 11, 0, 12, 11, 4]
[-8, -6, -4, -3, 4, 19, 5, -1, 7, 20, 7, 10, 7, 20, 14, 13, 18, 9, 15, 11, 7, -3, 2, 8, 13, 10, -2, 11, 0, 12, 11, 4]
[-8, -6, -4, -3, -3, 19, 5, -1, 7, 20, 7, 10, 7, 20, 14, 13, 18, 9, 15, 11, 7, 4, 2, 8, 13, 10, -2, 11, 0, 12, 11, 4]
[-8, -6, -4, -3, -3, -2, 5, -1, 7, 20, 7, 10, 7, 20, 14, 13, 18, 9, 15, 11, 7, 4, 2, 8, 13, 10, 19, 11, 0, 12, 11, 4]
[-8, -6, -4, -3, -3, -2, -1, 5, 7, 20, 7, 10, 7, 20, 14, 13, 18, 9, 15, 11, 7, 4, 2, 8, 13, 10, 19, 11, 0, 12, 11, 4]
[-8, -6, -4, -3, -3, -2, -1, 0, 7, 20, 7, 10, 7, 20, 14, 13, 18, 9, 15, 11, 7, 4, 2, 8, 13, 10, 19, 11, 5, 12, 11, 4]
[-8, -6, -4, -3, -3, -2, -1, 0, 2, 20, 7, 10, 7, 20, 14, 13, 18, 9, 15, 11, 7, 4, 7, 8, 13, 10, 19, 11, 5, 12, 11, 4]
[-8, -6, -4, -3, -3, -2, -1, 0, 2, 4, 7, 10, 7, 20, 14, 13, 18, 9, 15, 11, 7, 4, 7, 8, 13, 10, 19, 11, 5, 12, 11, 20]
[-8, -6, -4, -3, -3, -2, -1, 0, 2, 4, 4, 10, 7, 20, 14, 13, 18, 9, 15, 11, 7, 7, 7, 8, 13, 10, 19, 11, 5, 12, 11, 20]
[-8, -6, -4, -3, -3, -2, -1, 0, 2, 4, 4, 5, 7, 20, 14, 13, 18, 9, 15, 11, 7, 7, 7, 8, 13, 10, 19, 11, 10, 12, 11, 20]
[-8, -6, -4, -3, -3, -2, -1, 0, 2, 4, 4, 5, 7, 20, 14, 13, 18, 9, 15, 11, 7, 7, 7, 8, 13, 10, 19, 11, 10, 12, 11, 20]
[-8, -6, -4, -3, -3, -2, -1, 0, 2, 4, 4, 5, 7, 7, 14, 13, 18, 9, 15, 11, 7, 7, 20, 8, 13, 10, 19, 11, 10, 12, 11, 20]
[-8, -6, -4, -3, -3, -2, -1, 0, 2, 4, 4, 5, 7, 7, 7, 13, 18, 9, 15, 11, 7, 14, 20, 8, 13, 10, 19, 11, 10, 12, 11, 20]
[-8, -6, -4, -3, -3, -2, -1, 0, 2, 4, 4, 5, 7, 7, 7, 7, 18, 9, 15, 11, 13, 14, 20, 8, 13, 10, 19, 11, 10, 12, 11, 20]
[-8, -6, -4, -3, -3, -2, -1, 0, 2, 4, 4, 5, 7, 7, 7, 7, 8, 9, 15, 11, 13, 14, 20, 18, 13, 10, 19, 11, 10, 12, 11, 20]
[-8, -6, -4, -3, -3, -2, -1, 0, 2, 4, 4, 5, 7, 7, 7, 7, 8, 9, 15, 11, 13, 14, 20, 18, 13, 10, 19, 11, 10, 12, 11, 20]
[-8, -6, -4, -3, -3, -2, -1, 0, 2, 4, 4, 5, 7, 7, 7, 7, 8, 9, 10, 11, 13, 14, 20, 18, 13, 10, 19, 11, 15, 12, 11, 20]
[-8, -6, -4, -3, -3, -2, -1, 0, 2, 4, 4, 5, 7, 7, 7, 7, 8, 9, 10, 10, 13, 14, 20, 18, 13, 11, 19, 11, 15, 12, 11, 20]
[-8, -6, -4, -3, -3, -2, -1, 0, 2, 4, 4, 5, 7, 7, 7, 7, 8, 9, 10, 10, 11, 14, 20, 18, 13, 11, 19, 11, 15, 12, 13, 20]
[-8, -6, -4, -3, -3, -2, -1, 0, 2, 4, 4, 5, 7, 7, 7, 7, 8, 9, 10, 10, 11, 11, 20, 18, 13, 11, 19, 14, 15, 12, 13, 20]
[-8, -6, -4, -3, -3, -2, -1, 0, 2, 4, 4, 5, 7, 7, 7, 7, 8, 9, 10, 10, 11, 11, 11, 18, 13, 20, 19, 14, 15, 12, 13, 20]
[-8, -6, -4, -3, -3, -2, -1, 0, 2, 4, 4, 5, 7, 7, 7, 7, 8, 9, 10, 10, 11, 11, 11, 12, 13, 20, 19, 14, 15, 18, 13, 20]
[-8, -6, -4, -3, -3, -2, -1, 0, 2, 4, 4, 5, 7, 7, 7, 7, 8, 9, 10, 10, 11, 11, 11, 12, 13, 20, 19, 14, 15, 18, 13, 20]
[-8, -6, -4, -3, -3, -2, -1, 0, 2, 4, 4, 5, 7, 7, 7, 7, 8, 9, 10, 10, 11, 11, 11, 12, 13, 13, 19, 14, 15, 18, 20, 20]
[-8, -6, -4, -3, -3, -2, -1, 0, 2, 4, 4, 5, 7, 7, 7, 7, 8, 9, 10, 10, 11, 11, 11, 12, 13, 13, 14, 19, 15, 18, 20, 20]
[-8, -6, -4, -3, -3, -2, -1, 0, 2, 4, 4, 5, 7, 7, 7, 7, 8, 9, 10, 10, 11, 11, 11, 12, 13, 13, 14, 15, 19, 18, 20, 20]
[-8, -6, -4, -3, -3, -2, -1, 0, 2, 4, 4, 5, 7, 7, 7, 7, 8, 9, 10, 10, 11, 11, 11, 12, 13, 13, 14, 15, 18, 19, 20, 20]
[-8, -6, -4, -3, -3, -2, -1, 0, 2, 4, 4, 5, 7, 7, 7, 7, 8, 9, 10, 10, 11, 11, 11, 12, 13, 13, 14, 15, 18, 19, 20, 20]
[-8, -6, -4, -3, -3, -2, -1, 0, 2, 4, 4, 5, 7, 7, 7, 7, 8, 9, 10, 10, 11, 11, 11, 12, 13, 13, 14, 15, 18, 19, 20, 20]
[-8, -6, -4, -3, -3, -2, -1, 0, 2, 4, 4, 5, 7, 7, 7, 7, 8, 9, 10, 10, 11, 11, 11, 12, 13, 13, 14, 15, 18, 19, 20, 20]
[-8, 10, 5, 2, 9, 2, 14, -4, -1, 5, -6, 17, 16, 9, 20, 18, 15, 2, -3, 18, -6, 7, 8]
[-8, -6, 5, 2, 9, 2, 14, -4, -1, 5, -6, 17, 16, 9, 20, 18, 15, 2, -3, 18, 10, 7, 8]
[-8, -6, -6, 2, 9, 2, 14, -4, -1, 5, 5, 17, 16, 9, 20, 18, 15, 2, -3, 18, 10, 7, 8]
[-8, -6, -6, -4, 9, 2, 14, 2, -1, 5, 5, 17, 16, 9, 20, 18, 15, 2, -3, 18, 10, 7, 8]
[-8, -6, -6, -4, -3, 2, 14, 2, -1, 5, 5, 17, 16, 9, 20, 18, 15, 2, 9, 18, 10, 7, 8]
[-8, -6, -6, -4, -3, -1, 14, 2, 2, 5, 5, 17, 16, 9, 20, 18, 15, 2, 9, 18, 10, 7, 8]
[-8, -6, -6, -4, -3, -1, 2, 2, 2, 5, 5, 17, 16, 9, 20, 18, 15, 14, 9, 18, 10, 7, 8]
[-8, -6, -6, -4, -3, -1, 2, 2, 2, 5, 5, 17, 16, 9, 20, 18, 15, 14, 9, 18, 10, 7, 8]
[-8, -6, -6, -4, -3, -1, 2, 2, 2, 5, 5, 17, 16, 9, 20, 18, 15, 14, 9, 18, 10, 7, 8]
[-8, -6, -6, -4, -3, -1, 2, 2, 2, 5, 5, 17, 16, 9, 20, 18, 15, 14, 9, 18, 10, 7, 8]
[-8, -6, -6, -4, -3, -1, 2, 2, 2, 5, 5, 17, 16, 9, 20, 18, 15, 14, 9, 18, 10, 7, 8]
[-8, -6, -6, -4, -3, -1, 2, 2, 2, 5, 5, 7, 16, 9, 20, 18, 15, 14, 9, 18, 10, 17, 8]
[-8, -6, -6, -4, -3, -1, 2, 2, 2, 5, 5, 7, 8, 9, 20, 18, 15, 14, 9, 18, 10, 17, 16]
[-8, -6, -6, -4, -3, -1, 2, 2, 2, 5, 5, 7, 8, 9, 20, 18, 15, 14, 9, 18, 10, 17, 16]
[-8, -6, -6, -4, -3, -1, 2, 2, 2, 5, 5, 7, 8, 9, 9, 18, 15, 14, 20, 18, 10, 17, 16]
[-8, -6, -6, -4, -3, -1, 2, 2, 2, 5, 5, 7, 8, 9, 9, 10, 15, 14, 20, 18, 18, 17, 16]
[-8, -6, -6, -4, -3, -1, 2, 2, 2, 5, 5, 7, 8, 9, 9, 10, 14, 15, 20, 18, 18, 17, 16]
[-8, -6, -6, -4, -3, -1, 2, 2, 2, 5, 5, 7, 8, 9, 9, 10, 14, 15, 20, 18, 18, 17, 16]
[-8, -6, -6, -4, -3, -1, 2, 2, 2, 5, 5, 7, 8, 9, 9, 10, 14, 15, 16, 18, 18, 17, 20]
[-8, -6, -6, -4, -3, -1, 2, 2, 2, 5, 5, 7, 8, 9, 9, 10, 14, 15, 16, 17, 18, 18, 20]
[-8, -6, -6, -4, -3, -1, 2, 2, 2, 5, 5, 7, 8, 9, 9, 10, 14, 15, 16, 17, 18, 18, 20]
[-8, -6, -6, -4, -3, -1, 2, 2, 2, 5, 5, 7, 8, 9, 9, 10, 14, 15, 16, 17, 18, 18, 20]
[-8, -6, -6, -4, -3, -1, 2, 2, 2, 5, 5, 7, 8, 9, 9, 10, 14, 15, 16, 17, 18, 18, 20]
[-9, 3, 17, -7, 10, 12, 13, 18, 15, 9, -8, 17, 14, 0, 3, -3, 8, 12, -1, 12, 5, -7, 19, 1, 14, -1, 10, 2, -6, 7, 19, -2, 3, 0, 12, -2, 12, -2]
[-9, -8, 17, -7, 10, 12, 13, 18, 15, 9, 3, 17, 14, 0, 3, -3, 8, 12, -1, 12, 5, -7, 19, 1, 14, -1, 10, 2, -6, 7, 19, -2, 3, 0, 12, -2, 12, -2]
[-9, -8, -7, -7, 10, 12, 13, 18, 15, 9, 3, 17, 14, 0, 3, -3, 8, 12, -1, 12, 5, 17, 19, 1, 14, -1, 10, 2, -6, 7, 19, -2, 3, 0, 12, -2, 12, -2]
[-9, -8, -7, -7, 10, 12, 13, 18, 15, 9, 3, 17, 14, 0, 3, -3, 8, 12, -1, 12, 5, 17, 19, 1, 14, -1, 10, 2, -6, 7, 19, -2, 3, 0, 12, -2, 12, -2]
[-9, -8, -7, -7, -6, 12, 13, 18, 15, 9, 3, 17, 14, 0, 3, -3, 8, 12, -1, 12, 5, 17, 19, 1, 14, -1, 10, 2, 10, 7, 19, -2, 3, 0, 12, -2, 12, -2]
[-9, -8, -7, -7, -6, -3, 13, 18, 15, 9, 3, 17, 14, 0, 3, 12, 8, 12, -1, 12, 5, 17, 19, 1, 14, -1, 10, 2, 10, 7, 19, -2, 3, 0, 12, -2, 12, -2]
[-9, -8, -7, -7, -6, -3, -2, 18, 15, 9, 3, 17, 14, 0, 3, 12, 8, 12, -1, 12, 5, 17, 19, 1, 14, -1, 10, 2, 10, 7, 19, -2, 3, 0, 12, -2, 12, 13]
[-9, -8, -7, -7, -6, -3, -2, -2, 15, 9, 3, 17, 14, 0, 3, 12, 8, 12, -1, 12, 5, 17, 19, 1, 14, -1, 10, 2, 10, 7, 19, -2, 3, 0, 12, 18, 12, 13]
[-9, -8, -7, -7, -6, -3, -2, -2, -2, 9, 3, 17, 14, 0, 3, 12, 8, 12, -1, 12, 5, 17, 19, 1, 14, -1, 10, 2, 10, 7, 19, 15, 3, 0, 12, 18, 12, 13]
[-9, -8, -7, -7, -6, -3, -2, -2, -2, -1, 3, 17, 14, 0, 3, 12, 8, 12, -1, 12, 5, 17, 19, 1, 14, 9, 10, 2, 10, 7, 19, 15, 3, 0, 12, 18, 12, 13]
[-9, -8, -7, -7, -6, -3, -2, -2, -2, -1, -1, 17, 14, 0, 3, 12, 8, 12, 3, 12, 5, 17, 19, 1, 14, 9, 10, 2, 10, 7, 19, 15, 3, 0, 12, 18, 12, 13]
[-9, -8, -7, -7, -6, -3, -2, -2, -2, -1, -1, 0, 14, 0, 3, 12, 8, 12, 3, 12, 5, 17, 19, 1, 14, 9, 10, 2, 10, 7, 19, 15, 3, 17, 12, 18, 12, 13]
[-9, -8, -7, -7, -6, -3, -2, -2, -2, -1, -1, 0, 0, 14, 3, 12, 8, 12, 3, 12, 5, 17, 19, 1, 14, 9, 10, 2, 10, 7, 19, 15, 3, 17, 12, 18, 12, 13]
[-9, -8, -7, -7, -6, -3, -2, -2, -2, -1, -1, 0, 0, 1, 3, 12, 8, 12, 3, 12, 5, 17, 19, 14, 14, 9, 10, 2, 10, 7, 19, 15, 3, 17, 12, 18, 12, 13]
[-9, -8, -7, -7, -6, -3, -2, -2, -2, -1, -1, 0, 0, 1, 2, 12, 8, 12, 3, 12, 5, 17, 19, 14, 14, 9, 10, 3, 10, 7, 19, 15, 3, 17, 12, 18, 12, 13]
[-9, -8, -7, -7, -6, -3, -2, -2, -2, -1, -1, 0, 0, 1, 2, 3, 8, 12, 3, 12, 5, 17, 19, 14, 14, 9, 10, 3, 10, 7, 19, 15, 12, 17, 12, 18, 12, 13]
[-9, -8, -7, -7, -6, -3, -2, -2, -2, -1, -1, 0, 0, 1, 2, 3, 3, 12, 3, 12, 5, 17, 19, 14, 14, 9, 10, 8, 10, 7, 19, 15, 12, 17, 12, 18, 12, 13]
[-9, -8, -7, -7, -6, -3, -2, -2, -2, -1, -1, 0, 0, 1, 2, 3, 3, 3, 12, 12, 5, 17, 19, 14, 14, 9, 10, 8, 10, 7, 19, 15, 12, 17, 12, 18, 12, 13]
[-9, -8, -7, -7, -6, -3, -2, -2, -2, -1, -1, 0, 0, 1, 2, 3, 3, 3, 5, 12, 12, 17, 19, 14, 14, 9, 10, 8, 10, 7, 19, 15, 12, 17, 12, 18, 12, 13]
[-9, -8, -7, -7, -6, -3, -2, -2, -2, -1, -1, 0, 0, 1, 2, 3, 3, 3, 5, 7, 12, 17, 19, 14, 14, 9, 10, 8, 10, 12, 19, 15, 12, 17, 12, 18, 12, 13]
[-9, -8, -7, -7, -6, -3, -2, -2, -2, -1, -1, 0, 0, 1, 2, 3, 3, 3, 5, 7, 8, 17, 19, 14, 14, 9, 10, 12, 10, 12, 19, 15, 12, 17, 12, 18, 12, 13]
[-9, -8, -7, -7, -6, -3, -2, -2, -2, -1, -1, 0, 0, 1, 2, 3, 3, 3, 5, 7, 8, 9, 19, 14, 14, 17, 10, 12, 10, 12, 19, 15, 12, 17, 12, 18, 12, 13]
[-9, -8, -7, -7, -6, -3, -2, -2, -2, -1, -1, 0, 0, 1, 2, 3, 3, 3, 5, 7, 8, 9, 10, 14, 14, 17, 10, 12, 19, 12, 19, 15, 12, 17, 12, 18, 12, 13]
[-9, -8, -7, -7, -6, -3, -2, -2, -2, -1, -1, 0, 0, 1, 2, 3, 3, 3, 5, 7, 8, 9, 10, 10, 14, 17, 14, 12, 19, 12, 19, 15, 12, 17, 12, 18, 12, 13]
[-9, -8, -7, -7, -6, -3, -2, -2, -2, -1, -1, 0, 0, 1, 2, 3, 3, 3, 5, 7, 8, 9, 10, 10, 12, 17, 14, 12, 19, 12, 19, 15, 12, 17, 12, 18, 14, 13]
[-9, -8, -7, -7, -6, -3, -2, -2, -2, -1, -1, 0, 0, 1, 2, 3, 3, 3, 5, 7, 8, 9, 10, 10, 12, 12, 14, 12, 19, 12, 19, 15, 12, 17, 17, 18, 14, 13]
[-9, -8, -7, -7, -6, -3, -2, -2, -2, -1, -1, 0, 0, 1, 2, 3, 3, 3, 5, 7, 8, 9, 10, 10, 12, 12, 12, 12, 19, 12, 19, 15, 14, 17, 17, 18, 14, 13]
[-9, -8, -7, -7, -6, -3, -2, -2, -2, -1, -1, 0, 0, 1, 2, 3, 3, 3, 5, 7, 8, 9, 10, 10, 12, 12, 12, 12, 19, 12, 19, 15, 14, 17, 17, 18, 14, 13]
[-9, -8, -7, -7, -6, -3, -2, -2, -2, -1, -1, 0, 0, 1, 2, 3, 3, 3, 5, 7, 8, 9, 10, 10, 12, 12, 12, 12, 12, 19, 19, 15, 14, 17, 17, 18, 14, 13]
[-9, -8, -7, -7, -6, -3, -2, -2, -2, -1, -1, 0, 0, 1, 2, 3, 3, 3, 5, 7, 8, 9, 10, 10, 12, 12, 12, 12, 12, 13, 19, 15, 14, 17, 17, 18, 14, 19]
[-9, -8, -7, -7, -6, -3, -2, -2, -2, -1, -1, 0, 0, 1, 2, 3, 3, 3, 5, 7, 8, 9, 10, 10, 12, 12, 12, 12, 12, 13, 14, 15, 14, 17, 17, 18, 19, 19]
[-9, -8, -7, -7, -6, -3, -2, -2, -2, -1, -1, 0, 0, 1, 2, 3, 3, 3, 5, 7, 8, 9, 10, 10, 12, 12, 12, 12, 12, 13, 14, 14, 15, 17, 17, 18, 19, 19]
[-9, -8, -7, -7, -6, -3, -2, -2, -2, -1, -1, 0, 0, 1, 2, 3, 3, 3, 5, 7, 8, 9, 10, 10, 12, 12, 12, 12, 12, 13, 14, 14, 15, 17, 17, 18, 19, 19]
[-9, -8, -7, -7, -6, -3, -2, -2, -2, -1, -1, 0, 0, 1, 2, 3, 3, 3, 5, 7, 8, 9, 10, 10, 12, 12, 12, 12, 12, 13, 14, 14, 15, 17, 17, 18, 19, 19]
[-9, -8, -7, -7, -6, -3, -2, -2, -2, -1, -1, 0, 0, 1, 2, 3, 3, 3, 5, 7, 8, 9, 10, 10, 12, 12, 12, 12, 12, 13, 14, 14, 15, 17, 17, 18, 19, 19]
[-9, -8, -7, -7, -6, -3, -2, -2, -2, -1, -1, 0, 0, 1, 2, 3, 3, 3, 5, 7, 8, 9, 10, 10, 12, 12, 12, 12, 12, 13, 14, 14, 15, 17, 17, 18, 19, 19]
[-9, -8, -7, -7, -6, -3, -2, -2, -2, -1, -1, 0, 0, 1, 2, 3, 3, 3, 5, 7, 8, 9, 10, 10, 12, 12, 12, 12, 12, 13, 14, 14, 15, 17, 17, 18, 19, 19]
[-9, -8, -7, -7, -6, -3, -2, -2, -2, -1, -1, 0, 0, 1, 2, 3, 3, 3, 5, 7, 8, 9, 10, 10, 12, 12, 12, 12, 12, 13, 14, 14, 15, 17, 17, 18, 19, 19]
[-9, 20, 2, -3, 4, 17, 11, 11, 20, 0, 14, 18, -8, -4, 15, 14, 12, -6, 6, 17, -4, 18, 20, -6, -1, 19, 12, 9, 1, 7, 20]
[-9, -8, 2, -3, 4, 17, 11, 11, 20, 0, 14, 18, 20, -4, 15, 14, 12, -6, 6, 17, -4, 18, 20, -6, -1, 19, 12, 9, 1, 7, 20]
[-9, -8, -6, -3, 4, 17, 11, 11, 20, 0, 14, 18, 20, -4, 15, 14, 12, -6, 6, 17, -4, 18, 20, 2, -1, 19, 12, 9, 1, 7, 20]
[-9, -8, -6, -6, 4, 17, 11, 11, 20, 0, 14, 18, 20, -4, 15, 14, 12, -3, 6, 17, -4, 18, 20, 2, -1, 19, 12, 9, 1, 7, 20]
[-9, -8, -6, -6, -4, 17, 11, 11, 20, 0, 14, 18, 20, -4, 15, 14, 12, -3, 6, 17, 4, 18, 20, 2, -1, 19, 12, 9, 1, 7, 20]
[-9, -8, -6, -6, -4, -4, 11, 11, 20, 0, 14, 18, 20, 17, 15, 14, 12, -3, 6, 17, 4, 18, 20, 2, -1, 19, 12, 9, 1, 7, 20]
[-9, -8, -6, -6, -4, -4, -3, 11, 20, 0, 14, 18, 20, 17, 15, 14, 12, 11, 6, 17, 4, 18, 20, 2, -1, 19, 12, 9, 1, 7, 20]
[-9, -8, -6, -6, -4, -4, -3, -1, 20, 0, 14, 18, 20, 17, 15, 14, 12, 11, 6, 17, 4, 18, 20, 2, 11, 19, 12, 9, 1, 7, 20]
[-9, -8, -6, -6, -4, -4, -3, -1, 0, 20, 14, 18, 20, 17, 15, 14, 12, 11, 6, 17, 4, 18, 20, 2, 11, 19, 12, 9, 1, 7, 20]
[-9, -8, -6, -6, -4, -4, -3, -1, 0, 1, 14, 18, 20, 17, 15, 14, 12, 11, 6, 17, 4, 18, 20, 2, 11, 19, 12, 9, 20, 7, 20]
[-9, -8, -6, -6, -4, -4, -3, -1, 0, 1, 2, 18, 20, 17, 15, 14, 12, 11, 6, 17, 4, 18, 20, 14, 11, 19, 12, 9, 20, 7, 20]
[-9, -8, -6, -6, -4, -4, -3, -1, 0, 1, 2, 4, 20, 17, 15, 14, 12, 11, 6, 17, 18, 18, 20, 14, 11, 19, 12, 9, 20, 7, 20]
[-9, -8, -6, -6, -4, -4, -3, -1, 0, 1, 2, 4, 6, 17, 15, 14, 12, 11, 20, 17, 18, 18, 20, 14, 11, 19, 12, 9, 20, 7, 20]
[-9, -8, -6, -6, -4, -4, -3, -1, 0, 1, 2, 4, 6, 7, 15, 14, 12, 11, 20, 17, 18, 18, 20, 14, 11, 19, 12, 9, 20, 17, 20]
[-9, -8, -6, -6, -4, -4, -3, -1, 0, 1, 2, 4, 6, 7, 9, 14, 12, 11, 20, 17, 18, 18, 20, 14, 11, 19, 12, 15, 20, 17, 20]
[-9, -8, -6, -6, -4, -4, -3, -1, 0, 1, 2, 4, 6, 7, 9, 11, 12, 11, 20, 17, 18, 18, 20, 14, 14, 19, 12, 15, 20, 17, 20]
[-9, -8, -6, -6, -4, -4, -3, -1, 0, 1, 2, 4, 6, 7, 9, 11, 11, 12, 20, 17, 18, 18, 20, 14, 14, 19, 12, 15, 20, 17, 20]
[-9, -8, -6, -6, -4, -4, -3, -1, 0, 1, 2, 4, 6, 7, 9, 11, 11, 12, 20, 17, 18, 18, 20, 14, 14, 19, 12, 15, 20, 17, 20]
[-9, -8, -6, -6, -4, -4, -3, -1, 0, 1, 2, 4, 6, 7, 9, 11, 11, 12, 12, 17, 18, 18, 20, 14, 14, 19, 20, 15, 20, 17, 20]
[-9, -8, -6, -6, -4, -4, -3, -1, 0, 1, 2, 4, 6, 7, 9, 11, 11, 12, 12, 14, 18, 18, 20, 14, 17, 19, 20, 15, 20, 17, 20]
[-9, -8, -6, -6, -4, -4, -3, -1, 0, 1, 2, 4, 6, 7, 9, 11, 11, 12, 12, 14, 14, 18, 20, 18, 17, 19, 20, 15, 20, 17, 20]
[-9, -8, -6, -6, -4, -4, -3, -1, 0, 1, 2, 4, 6, 7, 9, 11, 11, 12, 12, 14, 14, 15, 20, 18, 17, 19, 20, 18, 20, 17, 20]
[-9, -8, -6, -6, -4, -4, -3, -1, 0, 1, 2, 4, 6, 7, 9, 11, 11, 12, 12, 14, 14, 15, 17, 18, 17, 19, 20, 18, 20, 20, 20]
[-9, -8, -6, -6, -4, -4, -3, -1, 0, 1, 2, 4, 6, 7, 9, 11, 11, 12, 12, 14, 14, 15, 17, 17, 18, 19, 20, 18, 20, 20, 20]
[-9, -8, -6, -6, -4, -4, -3, -1, 0, 1, 2, 4, 6, 7, 9, 11, 11, 12, 12, 14, 14, 15, 17, 17, 18, 19, 20, 18, 20, 20, 20]
[-9, -8, -6, -6, -4, -4, -3, -1, 0, 1, 2, 4, 6, 7, 9, 11, 11, 12, 12, 14, 14, 15, 17, 17, 18, 18, 20, 19, 20, 20, 20]
[-9, -8, -6, -6, -4, -4, -3, -1, 0, 1, 2, 4, 6, 7, 9, 11, 11, 12, 12, 14, 14, 15, 17, 17, 18, 18, 19, 20, 20, 20, 20]
[-9, -8, -6, -6, -4, -4, -3, -1, 0, 1, 2, 4, 6, 7, 9, 11, 11, 12, 12, 14, 14, 15, 17, 17, 18, 18, 19, 20, 20, 20, 20]
[-9, -8, -6, -6, -4, -4, -3, -1, 0, 1, 2, 4, 6, 7, 9, 11, 11, 12, 12, 14, 14, 15, 17, 17, 18, 18, 19, 20, 20, 20, 20]
[-9, -8, -6, -6, -4, -4, -3, -1, 0, 1, 2, 4, 6, 7, 9, 11, 11, 12, 12, 14, 14, 15, 17, 17, 18, 18, 19, 20, 20, 20, 20]
[-9, -8, -6, -6, -4, -4, -3, -1, 0, 1, 2, 4, 6, 7, 9, 11, 11, 12, 12, 14, 14, 15, 17, 17, 18, 18, 19, 20, 20, 20, 20]
[-9, -4, 4, 14, 0, 2, -3, 5, -9, 15, 16, 7, 18, 19, 17, -2, 13, 13, -3, 7, 15, 19, 9, 14, -3, -4, 1, -6, 15, 16, 9, 2, 6, 17, 10, 12, -5]
[-9, -9, 4, 14, 0, 2, -3, 5, -4, 15, 16, 7, 18, 19, 17, -2, 13, 13, -3, 7, 15, 19, 9, 14, -3, -4, 1, -6, 15, 16, 9, 2, 6, 17, 10, 12, -5]
[-9, -9, -6, 14, 0, 2, -3, 5, -4, 15, 16, 7, 18, 19, 17, -2, 13, 13, -3, 7, 15, 19, 9, 14, -3, -4, 1, 4, 15, 16, 9, 2, 6, 17, 10, 12, -5]
[-9, -9, -6, -5, 0, 2, -3, 5, -4, 15, 16, 7, 18, 19, 17, -2, 13, 13, -3, 7, 15, 19, 9, 14, -3, -4, 1, 4, 15, 16, 9, 2, 6, 17, 10, 12, 14]
[-9, -9, -6, -5, -4, 2, -3, 5, -4, 15, 16, 7, 18, 19, 17, -2, 13, 13, -3, 7, 15, 19, 9, 14, -3, 0, 1, 4, 15, 16, 9, 2, 6, 17, 10, 12, 14]
[-9, -9, -6, -5, -4, -4, -3, 5, 2, 15, 16, 7, 18, 19, 17, -2, 13, 13, -3, 7, 15, 19, 9, 14, -3, 0, 1, 4, 15, 16, 9, 2, 6, 17, 10, 12, 14]
[-9, -9, -6, -5, -4, -4, -3, 5, 2, 15, 16, 7, 18, 19, 17, -2, 13, 13, -3, 7, 15, 19, 9, 14, -3, 0, 1, 4, 15, 16, 9, 2, 6, 17, 10, 12, 14]
[-9, -9, -6, -5, -4, -4, -3, -3, 2, 15, 16, 7, 18, 19, 17, -2, 13, 13, -3, 7, 15, 19, 9, 14, 5, 0, 1, 4, 15, 16, 9, 2, 6, 17, 10, 12, 14]
[-9, -9, -6, -5, -4, -4, -3, -3, -3, 15, 16, 7, 18, 19, 17, -2, 13, 13, 2, 7, 15, 19, 9, 14, 5, 0, 1, 4, 15, 16, 9, 2, 6, 17, 10, 12, 14]
[-9, -9, -6, -5, -4, -4, -3, -3, -3, -2, 16, 7, 18, 19, 17, 15, 13, 13, 2, 7, 15, 19, 9, 14, 5, 0, 1, 4, 15, 16, 9, 2, 6, 17, 10, 12, 14]
[-9, -9, -6, -5, -4, -4, -3, -3, -3, -2, 0, 7, 18, 19, 17, 15, 13, 13, 2, 7, 15, 19, 9, 14, 5, 16, 1, 4, 15, 16, 9, 2, 6, 17, 10, 12, 14]
[-9, -9, -6, -5, -4, -4, -3, -3, -3, -2, 0, 1, 18, 19, 17, 15, 13, 13, 2, 7, 15, 19, 9, 14, 5, 16, 7, 4, 15, 16, 9, 2, 6, 17, 10, 12, 14]
[-9, -9, -6, -5, -4, -4, -3, -3, -3, -2, 0, 1, 2, 19, 17, 15, 13, 13, 2, 7, 15, 19, 9, 14, 5, 16, 7, 4, 15, 16, 9, 18, 6, 17, 10, 12, 14]
[-9, -9, -6, -5, -4, -4, -3, -3, -3, -2, 0, 1, 2, 2, 17, 15, 13, 13, 19, 7, 15, 19, 9, 14, 5, 16, 7, 4, 15, 16, 9, 18, 6, 17, 10, 12, 14]
[-9, -9, -6, -5, -4, -4, -3, -3, -3, -2, 0, 1, 2, 2, 4, 15, 13, 13, 19, 7, 15, 19, 9, 14, 5, 16, 7, 17, 15, 16, 9, 18, 6, 17, 10, 12, 14]
[-9, -9, -6, -5, -4, -4, -3, -3, -3, -2, 0, 1, 2, 2, 4, 5, 13, 13, 19, 7, 15, 19, 9, 14, 15, 16, 7, 17, 15, 16, 9, 18, 6, 17, 10, 12, 14]
[-9, -9, -6, -5, -4, -4, -3, -3, -3, -2, 0, 1, 2, 2, 4, 5, 6, 13, 19, 7, 15, 19, 9, 14, 15, 16, 7, 17, 15, 16, 9, 18, 13, 17, 10, 12, 14]
[-9, -9, -6, -5, -4, -4, -3, -3, -3, -2, 0, 1, 2, 2, 4, 5, 6, 7, 19, 7, 15, 19, 9, 14, 15, 16, 13, 17, 15, 16, 9, 18, 13, 17, 10, 12, 14]
[-9, -9, -6, -5, -4, -4, -3, -3, -3, -2, 0, 1, 2, 2, 4, 5, 6, 7, 7, 19, 15, 19, 9, 14, 15, 16, 13, 17, 15, 16, 9, 18, 13, 17, 10, 12, 14]
[-9, -9, -6, -5, -4, -4, -3, -3, -3, -2, 0, 1, 2, 2, 4, 5, 6, 7, 7, 9, 15, 19, 9, 14, 15, 16, 13, 17, 15, 16, 19, 18, 13, 17, 10, 12, 14]
[-9, -9, -6, -5, -4, -4, -3, -3, -3, -2, 0, 1, 2, 2, 4, 5, 6, 7, 7, 9, 9, 19, 15, 14, 15, 16, 13, 17, 15, 16, 19, 18, 13, 17, 10, 12, 14]
[-9, -9, -6, -5, -4, -4, -3, -3, -3, -2, 0, 1, 2, 2, 4, 5, 6, 7, 7, 9, 9, 10, 15, 14, 15, 16, 13, 17, 15, 16, 19, 18, 13, 17, 19, 12, 14]
[-9, -9, -6, -5, -4, -4, -3, -3, -3, -2, 0, 1, 2, 2, 4, 5, 6, 7, 7, 9, 9, 10, 12, 14, 15, 16, 13, 17, 15, 16, 19, 18, 13, 17, 19, 15, 14]
[-9, -9, -6, -5, -4, -4, -3, -3, -3, -2, 0, 1, 2, 2, 4, 5, 6, 7, 7, 9, 9, 10, 12, 13, 15, 16, 13, 17, 15, 16, 19, 18, 14, 17, 19, 15, 14]
[-9, -9, -6, -5, -4, -4, -3, -3, -3, -2, 0, 1, 2, 2, 4, 5, 6, 7, 7, 9, 9, 10, 12, 13, 13, 16, 15, 17, 15, 16, 19, 18, 14, 17, 19, 15, 14]
[-9, -9, -6, -5, -4, -4, -3, -3, -3, -2, 0, 1, 2, 2, 4, 5, 6, 7, 7, 9, 9, 10, 12, 13, 13, 14, 15, 17, 15, 16, 19, 18, 14, 17, 19, 15, 16]
[-9, -9, -6, -5, -4, -4, -3, -3, -3, -2, 0, 1, 2, 2, 4, 5, 6, 7, 7, 9, 9, 10, 12, 13, 13, 14, 14, 17, 15, 16, 19, 18, 15, 17, 19, 15, 16]
[-9, -9, -6, -5, -4, -4, -3, -3, -3, -2, 0, 1, 2, 2, 4, 5, 6, 7, 7, 9, 9, 10, 12, 13, 13, 14, 14, 15, 15, 16, 19, 18, 15, 17, 19, 17, 16]
[-9, -9, -6, -5, -4, -4, -3, -3, -3, -2, 0, 1, 2, 2, 4, 5, 6, 7, 7, 9, 9, 10, 12, 13, 13, 14, 14, 15, 15, 16, 19, 18, 15, 17, 19, 17, 16]
[-9, -9, -6, -5, -4, -4, -3, -3, -3, -2, 0, 1, 2, 2, 4, 5, 6, 7, 7, 9, 9, 10, 12, 13, 13, 14, 14, 15, 15, 15, 19, 18, 16, 17, 19, 17, 16]
[-9, -9, -6, -5, -4, -4, -3, -3, -3, -2, 0, 1, 2, 2, 4, 5, 6, 7, 7, 9, 9, 10, 12, 13, 13, 14, 14, 15, 15, 15, 16, 18, 16, 17, 19, 17, 19]
[-9, -9, -6, -5, -4, -4, -3, -3, -3, -2, 0, 1, 2, 2, 4, 5, 6, 7, 7, 9, 9, 10, 12, 13, 13, 14, 14, 15, 15, 15, 16, 16, 18, 17, 19, 17, 19]
[-9, -9, -6, -5, -4, -4, -3, -3, -3, -2, 0, 1, 2, 2, 4, 5, 6, 7, 7, 9, 9, 10, 12, 13, 13, 14, 14, 15, 15, 15, 16, 16, 17, 17, 19, 18, 19]
[-9, -9, -6, -5, -4, -4, -3, -3, -3, -2, 0, 1, 2, 2, 4, 5, 6, 7, 7, 9, 9, 10, 12, 13, 13, 14, 14, 15, 15, 15, 16, 16, 17, 17, 19, 18, 19]
[-9, -9, -6, -5, -4, -4, -3, -3, -3, -2, 0, 1, 2, 2, 4, 5, 6, 7, 7, 9, 9, 10, 12, 13, 13, 14, 14, 15, 15, 15, 16, 16, 17, 17, 18, 19, 19]
[-9, -9, -6, -5, -4, -4, -3, -3, -3, -2, 0, 1, 2, 2, 4, 5, 6, 7, 7, 9, 9, 10, 12, 13, 13, 14, 14, 15, 15, 15, 16, 16, 17, 17, 18, 19, 19]
[-9, -9, -6, -5, -4, -4, -3, -3, -3, -2, 0, 1, 2, 2, 4, 5, 6, 7, 7, 9, 9, 10, 12, 13, 13, 14, 14, 15, 15, 15, 16, 16, 17, 17, 18, 19, 19]
[-9, 0, 6, 5, 14, -7, 15, 14, -2, -3, -8, 3, 20, -6, 18, 11, -5, 11, 16, 10, -5, 4, -5, 4, -1]
[-9, -8, 6, 5, 14, -7, 15, 14, -2, -3, 0, 3, 20, -6, 18, 11, -5, 11, 16, 10, -5, 4, -5, 4, -1]
[-9, -8, -7, 5, 14, 6, 15, 14, -2, -3, 0, 3, 20, -6, 18, 11, -5, 11, 16, 10, -5, 4, -5, 4, -1]
[-9, -8, -7, -6, 14, 6, 15, 14, -2, -3, 0, 3, 20, 5, 18, 11, -5, 11, 16, 10, -5, 4, -5, 4, -1]
[-9, -8, -7, -6, -5, 6, 15, 14, -2, -3, 0, 3, 20, 5, 18, 11, -5, 11, 16, 10, -5, 4, 14, 4, -1]
[-9, -8, -7, -6, -5, -5, 15, 14, -2, -3, 0, 3, 20, 5, 18, 11, -5, 11, 16, 10, 6, 4, 14, 4, -1]
[-9, -8, -7, -6, -5, -5, -5, 14, -2, -3, 0, 3, 20, 5, 18, 11, 15, 11, 16, 10, 6, 4, 14, 4, -1]
[-9, -8, -7, -6, -5, -5, -5, -3, -2, 14, 0, 3, 20, 5, 18, 11, 15, 11, 16, 10, 6, 4, 14, 4, -1]
[-9, -8, -7, -6, -5, -5, -5, -3, -2, 14, 0, 3, 20, 5, 18, 11, 15, 11, 16, 10, 6, 4, 14, 4, -1]
[-9, -8, -7, -6, -5, -5, -5, -3, -2, -1, 0, 3, 20, 5, 18, 11, 15, 11, 16, 10, 6, 4, 14, 4, 14]
[-9, -8, -7, -6, -5, -5, -5, -3, -2, -1, 0, 3, 20, 5, 18, 11, 15, 11, 16, 10, 6, 4, 14, 4, 14]
[-9, -8, -7, -6, -5, -5, -5, -3, -2, -1, 0, 3, 20, 5, 18, 11, 15, 11, 16, 10, 6, 4, 14, 4, 14]
[-9, -8, -7, -6, -5, -5, -5, -3, -2, -1, 0, 3, 4, 5, 18, 11, 15, 11, 16, 10, 6, 4, 14, 20, 14]
[-9, -8, -7, -6, -5, -5, -5, -3, -2, -1, 0, 3, 4, 4, 18, 11, 15, 11, 16, 10, 6, 5, 14, 20, 14]
[-9, -8, -7, -6, -5, -5, -5, -3, -2, -1, 0, 3, 4, 4, 5, 11, 15, 11, 16, 10, 6, 18, 14, 20, 14]
[-9, -8, -7, -6, -5, -5, -5, -3, -2, -1, 0, 3, 4, 4, 5, 6, 15, 11, 16, 10, 11, 18, 14, 20, 14]
[-9, -8, -7, -6, -5, -5, -5, -3, -2, -1, 0, 3, 4, 4, 5, 6, 10, 11, 16, 15, 11, 18, 14, 20, 14]
[-9, -8, -7, -6, -5, -5, -5, -3, -2, -1, 0, 3, 4, 4, 5, 6, 10, 11, 16, 15, 11, 18, 14, 20, 14]
[-9, -8, -7, -6, -5, -5, -5, -3, -2, -1, 0, 3, 4, 4, 5, 6, 10, 11, 11, 15, 16, 18, 14, 20, 14]
[-9, -8, -7, -6, -5, -5, -5, -3, -2, -1, 0, 3, 4, 4, 5, 6, 10, 11, 11, 14, 16, 18, 14, 20, 15]
[-9, -8, -7, -6, -5, -5, -5, -3, -2, -1, 0, 3, 4, 4, 5, 6, 10, 11, 11, 14, 14, 18, 16, 20, 15]
[-9, -8, -7, -6, -5, -5, -5, -3, -2, -1, 0, 3, 4, 4, 5, 6, 10, 11, 11, 14, 14, 15, 16, 20, 18]
[-9, -8, -7, -6, -5, -5, -5, -3, -2, -1, 0, 3, 4, 4, 5, 6, 10, 11, 11, 14, 14, 15, 16, 20, 18]
[-9, -8, -7, -6, -5, -5, -5, -3, -2, -1, 0, 3, 4, 4, 5, 6, 10, 11, 11, 14, 14, 15, 16, 18, 20]
[-9, -8, -7, -6, -5, -5, -5, -3, -2, -1, 0, 3, 4, 4, 5, 6, 10, 11, 11, 14, 14, 15, 16, 18, 20]
[-9, 1, -9, 9, -8, -9, 17, -7, 19, 3, 0, 10, 20, -4, 20, 8, 15, 5, 4, 11, 0]
[-9, -9, -9, 9, -8, 1, 17, -7, 19, 3, 0, 10, 20, -4, 20, 8, 15, 5, 4, 11, 0]
[-9, -9, -9, 9, -8, 1, 17, -7, 19, 3, 0, 10, 20, -4, 20, 8, 15, 5, 4, 11, 0]
[-9, -9, -9, -8, 9, 1, 17, -7, 19, 3, 0, 10, 20, -4, 20, 8, 15, 5, 4, 11, 0]
[-9, -9, -9, -8, -7, 1, 17, 9, 19, 3, 0, 10, 20, -4, 20, 8, 15, 5, 4, 11, 0]
[-9, -9, -9, -8, -7, -4, 17, 9, 19, 3, 0, 10, 20, 1, 20, 8, 15, 5, 4, 11, 0]
[-9, -9, -9, -8, -7, -4, 0, 9, 19, 3, 0, 10, 20, 1, 20, 8, 15, 5, 4, 11, 17]
[-9, -9, -9, -8, -7, -4, 0, 0, 19, 3, 9, 10, 20, 1, 20, 8, 15, 5, 4, 11, 17]
[-9, -9, -9, -8, -7, -4, 0, 0, 1, 3, 9, 10, 20, 19, 20, 8, 15, 5, 4, 11, 17]
[-9, -9, -9, -8, -7, -4, 0, 0, 1, 3, 9, 10, 20, 19, 20, 8, 15, 5, 4, 11, 17]
[-9, -9, -9, -8, -7, -4, 0, 0, 1, 3, 4, 10, 20, 19, 20, 8, 15, 5, 9, 11, 17]
[-9, -9, -9, -8, -7, -4, 0, 0, 1, 3, 4, 5, 20, 19, 20, 8, 15, 10, 9, 11, 17]
[-9, -9, -9, -8, -7, -4, 0, 0, 1, 3, 4, 5, 8, 19, 20, 20, 15, 10, 9, 11, 17]
[-9, -9, -9, -8, -7, -4, 0, 0, 1, 3, 4, 5, 8, 9, 20, 20, 15, 10, 19, 11, 17]
[-9, -9, -9, -8, -7, -4, 0, 0, 1, 3, 4, 5, 8, 9, 10, 20, 15, 20, 19, 11, 17]
[-9, -9, -9, -8, -7, -4, 0, 0, 1, 3, 4, 5, 8, 9, 10, 11, 15, 20, 19, 20, 17]
[-9, -9, -9, -8, -7, -4, 0, 0, 1, 3, 4, 5, 8, 9, 10, 11, 15, 20, 19, 20, 17]
[-9, -9, -9, -8, -7, -4, 0, 0, 1, 3, 4, 5, 8, 9, 10, 11, 15, 17, 19, 20, 20]
[-9, -9, -9, -8, -7, -4, 0, 0, 1, 3, 4, 5, 8, 9, 10, 11, 15, 17, 19, 20, 20]
[-9, -9, -9, -8, -7, -4, 0, 0, 1, 3, 4, 5, 8, 9, 10, 11, 15, 17, 19, 20, 20]
[-9, -9, -9, -8, -7, -4, 0, 0, 1, 3, 4, 5, 8, 9, 10, 11, 15, 17, 19, 20, 20]
